[gd_scene load_steps=14 format=3 uid="uid://20el7xrfn78n"]

[ext_resource type="PackedScene" uid="uid://desa25pxfh2ym" path="res://Scenes/ai_car.tscn" id="1_3oiae"]
[ext_resource type="Texture2D" uid="uid://cnx0dpnktojhf" path="res://textures/road_color.png" id="1_tvnyq"]
[ext_resource type="Texture2D" uid="uid://c2scfydbupuug" path="res://Tracks Images/40_3e5b3359-7608-4642-84b4-c2b8d68afea5_1024x1024.png.webp" id="3_s0h5s"]

[sub_resource type="StandardMaterial3D" id="StandardMaterial3D_7wtne"]
shading_mode = 0
albedo_texture = ExtResource("1_tvnyq")

[sub_resource type="BoxMesh" id="BoxMesh_b5q07"]
material = SubResource("StandardMaterial3D_7wtne")
size = Vector3(70, 1, 30)

[sub_resource type="BoxShape3D" id="BoxShape3D_7ijxi"]
size = Vector3(100, 1, 100)

[sub_resource type="StandardMaterial3D" id="StandardMaterial3D_g7d7x"]
albedo_color = Color(0.787759, 0.787759, 0.787759, 1)

[sub_resource type="BoxMesh" id="BoxMesh_5rbs6"]
material = SubResource("StandardMaterial3D_g7d7x")
size = Vector3(48, 0.01, 0.5)

[sub_resource type="StandardMaterial3D" id="StandardMaterial3D_yu480"]
render_priority = 1
albedo_color = Color(0.712129, 0.712129, 0.712129, 1)

[sub_resource type="BoxMesh" id="BoxMesh_toq8t"]
material = SubResource("StandardMaterial3D_yu480")
size = Vector3(10, 0.01, 0.5)

[sub_resource type="BoxMesh" id="BoxMesh_m4dn3"]
size = Vector3(0.5, 1, 3)

[sub_resource type="StandardMaterial3D" id="StandardMaterial3D_a6ph8"]
albedo_texture = ExtResource("3_s0h5s")
uv1_scale = Vector3(3, 2, 1)

[sub_resource type="BoxMesh" id="BoxMesh_t0wnd"]
material = SubResource("StandardMaterial3D_a6ph8")
size = Vector3(8, 5, 1)

[node name="StaticBody3D" type="StaticBody3D"]

[node name="MeshInstance3D14" type="MeshInstance3D" parent="."]
transform = Transform3D(1, 0, 0, 0, 1, 0, 0, 0, 1, 5.32574, 0, 0)
mesh = SubResource("BoxMesh_b5q07")

[node name="CollisionShape3D" type="CollisionShape3D" parent="."]
shape = SubResource("BoxShape3D_7ijxi")

[node name="MeshInstance3D2" type="MeshInstance3D" parent="."]
transform = Transform3D(1, 0, 0, 0, 1, 0, 0, 0, 1, 3.07489, 0.449528, 0)
mesh = SubResource("BoxMesh_5rbs6")

[node name="MeshInstance3D21" type="MeshInstance3D" parent="."]
transform = Transform3D(1, 0, 0, 0, 1, 0, 0, 0, 1, 3.9846, 0.514235, 8.70867)
mesh = SubResource("BoxMesh_5rbs6")

[node name="MeshInstance3D39" type="MeshInstance3D" parent="."]
transform = Transform3D(1, 0, 0, 0, 1, 0, 0, 0, 1, -5.96198, 0.514235, 8.70867)
mesh = SubResource("BoxMesh_5rbs6")

[node name="MeshInstance3D40" type="MeshInstance3D" parent="."]
transform = Transform3D(1, 0, 0, 0, 1, 0, 0, 0, 1, -5.96198, 0.514235, 4.73444)
mesh = SubResource("BoxMesh_5rbs6")

[node name="MeshInstance3D8" type="MeshInstance3D" parent="."]
transform = Transform3D(1, 0, 0, 0, 1, 0, 0, 0, 1, 2.20567, 0.514235, 0)
mesh = SubResource("BoxMesh_5rbs6")

[node name="MeshInstance3D22" type="MeshInstance3D" parent="."]
transform = Transform3D(1, 0, 0, 0, 1, 0, 0, 0, 1, 1.84114, 0.514235, 4.74672)
mesh = SubResource("BoxMesh_5rbs6")

[node name="MeshInstance3D23" type="MeshInstance3D" parent="."]
transform = Transform3D(1, 0, 0, 0, 1, 0, 0, 0, 1, 2.0271, 0.514235, -4.84637)
mesh = SubResource("BoxMesh_5rbs6")

[node name="MeshInstance3D37" type="MeshInstance3D" parent="."]
transform = Transform3D(1, 0, 0, 0, 1, 0, 0, 0, 1, 3.07489, 0.514235, -8.61618)
mesh = SubResource("BoxMesh_5rbs6")

[node name="MeshInstance3D3" type="MeshInstance3D" parent="."]
transform = Transform3D(-0.0486057, 0, -0.998818, 0, 1, 0, 0.998818, 0, -0.0486057, -18.1621, 0.550318, 0)
mesh = SubResource("BoxMesh_toq8t")

[node name="MeshInstance3D7" type="MeshInstance3D" parent="."]
transform = Transform3D(-0.0486057, 0, -0.998818, 0, 1, 0, 0.998818, 0, -0.0486057, -21.821, 0.550318, 0)
mesh = SubResource("BoxMesh_toq8t")

[node name="MeshInstance3D4" type="MeshInstance3D" parent="."]
transform = Transform3D(-0.0486057, 0, -0.998818, 0, 1, 0, 0.998818, 0, -0.0486057, -13.7869, 0.550318, 0)
mesh = SubResource("BoxMesh_toq8t")

[node name="MeshInstance3D5" type="MeshInstance3D" parent="."]
transform = Transform3D(-0.0486057, 0, -0.998818, 0, 1, 0, 0.998818, 0, -0.0486057, -9.47869, 0.550318, 0)
mesh = SubResource("BoxMesh_toq8t")

[node name="MeshInstance3D6" type="MeshInstance3D" parent="."]
transform = Transform3D(-0.0486057, 0, -0.998818, 0, 1, 0, 0.998818, 0, -0.0486057, -5.57115, 0.550318, 0)
mesh = SubResource("BoxMesh_toq8t")

[node name="MeshInstance3D13" type="MeshInstance3D" parent="."]
transform = Transform3D(-0.0486057, 0, -0.998818, 0, 1, 0, 0.998818, 0, -0.0486057, -1.02563, 0.550318, 0)
mesh = SubResource("BoxMesh_toq8t")

[node name="MeshInstance3D15" type="MeshInstance3D" parent="."]
transform = Transform3D(-0.0486057, 0, -0.998818, 0, 1, 0, 0.998818, 0, -0.0486057, 3.34728, 0.550318, 0)
mesh = SubResource("BoxMesh_toq8t")

[node name="MeshInstance3D16" type="MeshInstance3D" parent="."]
transform = Transform3D(-0.0486057, 0, -0.998818, 0, 1, 0, 0.998818, 0, -0.0486057, 7.16247, 0.550318, 0)
mesh = SubResource("BoxMesh_toq8t")

[node name="MeshInstance3D17" type="MeshInstance3D" parent="."]
transform = Transform3D(-0.0486057, 0, -0.998818, 0, 1, 0, 0.998818, 0, -0.0486057, 11.1847, 0.550318, 0)
mesh = SubResource("BoxMesh_toq8t")

[node name="MeshInstance3D18" type="MeshInstance3D" parent="."]
transform = Transform3D(-0.0486057, 0, -0.998818, 0, 1, 0, 0.998818, 0, -0.0486057, 15.3464, 0.550318, 0)
mesh = SubResource("BoxMesh_toq8t")

[node name="MeshInstance3D19" type="MeshInstance3D" parent="."]
transform = Transform3D(-0.0486057, 0, -0.998818, 0, 1, 0, 0.998818, 0, -0.0486057, 18.8841, 0.550318, 0)
mesh = SubResource("BoxMesh_toq8t")

[node name="MeshInstance3D38" type="MeshInstance3D" parent="."]
transform = Transform3D(-0.0486057, 0, -0.998818, 0, 1, 0, 0.998818, 0, -0.0486057, 22.563, 0.550318, 0)
mesh = SubResource("BoxMesh_toq8t")

[node name="MeshInstance3D20" type="MeshInstance3D" parent="."]
transform = Transform3D(-0.0486057, 0, -0.998818, 0, 1, 0, 0.998818, 0, -0.0486057, 26.1558, 0.550318, 0)
mesh = SubResource("BoxMesh_toq8t")

[node name="StaticBody3D" parent="." instance=ExtResource("1_3oiae")]
transform = Transform3D(1, 0, 0, 0, 1, 0, 0, 0, 1, -19.9713, 0.72981, 1.54511)

[node name="StaticBody3D7" parent="." instance=ExtResource("1_3oiae")]
transform = Transform3D(1, 0, 0, 0, 1, 0, 0, 0, 1, -3.25156, 0.72981, 1.80902)

[node name="StaticBody3D12" parent="." instance=ExtResource("1_3oiae")]
transform = Transform3D(1, 0, 0, 0, 1, 0, 0, 0, 1, 0.802054, 0.72981, 1.80902)

[node name="StaticBody3D13" parent="." instance=ExtResource("1_3oiae")]
transform = Transform3D(1, 0, 0, 0, 1, 0, 0, 0, 1, 5.08446, 0.72981, 1.80902)

[node name="StaticBody3D16" parent="." instance=ExtResource("1_3oiae")]
transform = Transform3D(1, 0, 0, 0, 1, 0, 0, 0, 1, 13.0725, 0.72981, -3.05795)

[node name="StaticBody3D17" parent="." instance=ExtResource("1_3oiae")]
transform = Transform3D(1, 0, 0, 0, 1, 0, 0, 0, 1, 16.9866, 0.72981, -3.04445)

[node name="StaticBody3D4" parent="." instance=ExtResource("1_3oiae")]
transform = Transform3D(1, 0, 0, 0, 1, 0, 0, 0, 1, -11.5254, 0.72981, -2.90521)

[node name="StaticBody3D2" parent="." instance=ExtResource("1_3oiae")]
transform = Transform3D(1, 0, 0, 0, 1, 0, 0, 0, 1, -16.185, 0.72981, 1.70352)

[node name="StaticBody3D11" parent="." instance=ExtResource("1_3oiae")]
transform = Transform3D(1, 0, 0, 0, 1, 0, 0, 0, 1, -11.9051, 0.72981, 1.81189)

[node name="StaticBody3D14" parent="." instance=ExtResource("1_3oiae")]
transform = Transform3D(1, 0, 0, 0, 1, 0, 0, 0, 1, -7.57821, 0.72981, 1.81189)

[node name="StaticBody3D5" parent="." instance=ExtResource("1_3oiae")]
transform = Transform3D(0.999553, 0, -0.029893, 0, 1, 0, 0.029893, 0, 0.999553, -3.2228, 0.706647, -2.88298)

[node name="StaticBody3D6" parent="." instance=ExtResource("1_3oiae")]
transform = Transform3D(-0.999375, 0, 0.0353531, 0, 1, 0, -0.0353531, 0, -0.999375, 1.10093, 0.706647, -1.90363)

[node name="StaticBody3D8" parent="." instance=ExtResource("1_3oiae")]
transform = Transform3D(-0.999375, 0, 0.0353531, 0, 1, 0, -0.0353531, 0, -0.999375, 5.48448, 0.706647, -1.90363)

[node name="StaticBody3D9" parent="." instance=ExtResource("1_3oiae")]
transform = Transform3D(-0.999375, 0, 0.0353531, 0, 1, 0, -0.0353531, 0, -0.999375, 9.06226, 0.706647, -1.9382)

[node name="StaticBody3D15" parent="." instance=ExtResource("1_3oiae")]
transform = Transform3D(-0.999375, 0, 0.0353531, 0, 1, 0, -0.0353531, 0, -0.999375, 20.5621, 0.706647, 3.1445)

[node name="StaticBody3D18" parent="." instance=ExtResource("1_3oiae")]
transform = Transform3D(-0.999375, 0, 0.0353531, 0, 1, 0, -0.0353531, 0, -0.999375, 24.4075, 0.706647, -1.68273)

[node name="MeshInstance3D24" type="MeshInstance3D" parent="."]
transform = Transform3D(0.693402, 0, -0.720551, 0, 1, 0, 0.720551, 0, 0.693402, 28.9708, 0.0246866, 7.74984)
mesh = SubResource("BoxMesh_m4dn3")

[node name="MeshInstance3D25" type="MeshInstance3D" parent="."]
transform = Transform3D(0.94302, 0, -0.332737, 0, 1, 0, 0.332737, 0, 0.94302, 30.3749, 0.0246866, 5.60891)
mesh = SubResource("BoxMesh_m4dn3")

[node name="MeshInstance3D26" type="MeshInstance3D" parent="."]
transform = Transform3D(0.736416, 0, -0.676529, 0, 1, 0, 0.676529, 0, 0.736416, 27.1948, 0.0246866, 3.75162)
visible = false
mesh = SubResource("BoxMesh_m4dn3")

[node name="MeshInstance3D27" type="MeshInstance3D" parent="."]
transform = Transform3D(0.999223, 0, -0.0394168, 0, 1, 0, 0.0394168, 0, 0.999223, 28.2303, 0.0246866, 1.34345)
visible = false
mesh = SubResource("BoxMesh_m4dn3")

[node name="MeshInstance3D30" type="MeshInstance3D" parent="."]
transform = Transform3D(0.999223, 0, -0.0394168, 0, 1, 0, 0.0394168, 0, 0.999223, 28.3294, 0.0246866, -1.39243)
visible = false
mesh = SubResource("BoxMesh_m4dn3")

[node name="MeshInstance3D33" type="MeshInstance3D" parent="."]
transform = Transform3D(0.731628, 0, 0.681705, 0, 1, 0, -0.681705, 0, 0.731628, 27.4914, 0.0246866, -3.78393)
visible = false
mesh = SubResource("BoxMesh_m4dn3")

[node name="MeshInstance3D31" type="MeshInstance3D" parent="."]
transform = Transform3D(0.999223, 0, -0.0394168, 0, 1, 0, 0.0394168, 0, 0.999223, 30.902, 0.0246866, -1.20796)
mesh = SubResource("BoxMesh_m4dn3")

[node name="MeshInstance3D32" type="MeshInstance3D" parent="."]
transform = Transform3D(0.997795, 0, 0.0663787, 0, 1, 0, -0.0663787, 0, 0.997795, 30.8226, 0.0246866, -3.87645)
mesh = SubResource("BoxMesh_m4dn3")

[node name="MeshInstance3D34" type="MeshInstance3D" parent="."]
transform = Transform3D(0.886447, 0, 0.462832, 0, 1, 0, -0.462832, 0, 0.886447, 30.2141, 0.0246866, -6.29536)
mesh = SubResource("BoxMesh_m4dn3")

[node name="MeshInstance3D35" type="MeshInstance3D" parent="."]
transform = Transform3D(0.872488, 0, 0.488636, 0, 1, 0, -0.488636, 0, 0.872488, 29.4626, 0.0388534, -7.58892)
mesh = SubResource("BoxMesh_m4dn3")

[node name="MeshInstance3D36" type="MeshInstance3D" parent="."]
transform = Transform3D(-0.0252695, 0, 0.999681, 0, 1, 0, -0.999681, 0, -0.0252695, 27.4066, 0.0246866, -8.61313)
mesh = SubResource("BoxMesh_m4dn3")

[node name="MeshInstance3D28" type="MeshInstance3D" parent="."]
transform = Transform3D(0.999223, 0, -0.0394168, 0, 1, 0, 0.0394168, 0, 0.999223, 30.9231, 0.0246866, 1.73829)
mesh = SubResource("BoxMesh_m4dn3")

[node name="MeshInstance3D29" type="MeshInstance3D" parent="."]
transform = Transform3D(0.996289, 0, -0.0860778, 0, 1, 0, 0.0860778, 0, 0.996289, 30.9385, 0.0246866, 2.92949)
mesh = SubResource("BoxMesh_m4dn3")

[node name="MeshInstance3D" type="MeshInstance3D" parent="."]
transform = Transform3D(1, 0, 0, 0, 1, 0, 0, 0, 1, -26.1432, 2.92223, 3.98759)
mesh = SubResource("BoxMesh_t0wnd")
